ubuntu@mtk-genio:~$ cat /dev/gps0 | tee gps.txt



$GNGGA,063802.00,2502.70836,N,12128.23059,E,2,12,1.13,24.7,M,16.9,M,,0000*7B

$GNGSA,A,3,01,31,02,04,09,,,,,,,,1.76,1.13,1.35,1*09

$GNGSA,A,3,88,87,76,67,,,,,,,,,1.76,1.13,1.35,2*09

$GNGSA,A,3,29,26,19,33,,,,,,,,,1.76,1.13,1.35,3*00

$GPGSV,4,2,15,08,67,346,,09,28,250,25,16,31,066,,26,10,094,,1*60

$GPGSV,4,3,15,27,42,031,,30,08,320,,31,10,141,36,40,13,260,,1*6C

$GAGSV,3,2,12,19,34,211,30,21,42,048,,23,46,329,,26,45,131,37,7*7F

$GAGSV,3,3,12,27,03,084,,29,06,171,29,31,11,288,,33,17,181,37,7*71

$GBGSV,5,1,17,01,49,137,40,02,38,239,,03,57,204,37,04,36,121,,1*78

$GBGSV,5,2,17,05,16,257,,06,84,356,,07,66,271,,09,66,331,,1*74

$GBGSV,5,3,17,10,52,257,,16,84,023,,19,05,251,,20,03,208,,1*7A

$GBGSV,5,4,17,27,67,054,,28,24,041,14,29,04,217,,30,52,211,40,1*71

$GNVTG,,T,,M,0.051,N,0.094,K,D*31

$GNGGA,063803.00,2502.70828,N,12128.23060,E,2,12,1.13,24.8,M,16.9,M,,0000*70

$GNGSA,A,3,01,31,02,04,09,,,,,,,,1.76,1.13,1.35,1*09

$GNGSA,A,3,88,87,76,67,,,,,,,,,1.76,1.13,1.35,2*09

$GNGSA,A,3,29,26,19,33,,,,,,,,,1.76,1.13,1.35,3*00

$GNGSA,A,3,01,03,30,37,,,,,,,,,1.76,1.13,1.35,4*05

$GPGSV,4,2,15,08,67,346,,09,28,250,24,16,31,066,,26,10,094,,1*61

$GLGSV,3,2,09,77,49,016,,78,13,321,,86,22,031,,87,62,052,28,1*7D

$GLGSV,3,3,09,88,43,191,31,1*4D

$GAGSV,3,1,12,04,33,280,,06,19,304,,09,04,321,,13,32,063,,7*7E

$GAGSV,3,2,12,19,34,211,30,21,42,048,,23,46,329,,26,45,131,37,7*7F

$GAGSV,3,3,12,27,03,084,,29,06,171,29,31,11,288,,33,17,181,37,7*71

$GBGSV,5,1,17,01,49,137,40,02,38,239,,03,57,204,37,04,36,121,,1*78

$GBGSV,5,3,17,10,52,257,,16,84,023,,19,05,251,,20,03,208,,1*7A

$GBGSV,5,4,17,27,67,054,20,28,24,041,15,29,04,217,,30,52,211,40,1*72

$GBGSV,5,5,17,37,41,102,38,1*49

$GNGLL,2502.70828,N,12128.23060,E,063803.00,A,D*73

$GNRMC,063804.00,A,2502.70830,N,12128.23058,E,0.022,,301225,,,D,V*12

$GPGSV,4,2,15,08,67,346,,09,28,250,25,16,31,066,,26,10,094,,1*60

$GPGSV,4,3,15,27,42,031,,30,08,320,,31,10,141,37,40,13,260,,1*6D

$GPGSV,4,4,15,41,38,242,38,42,45,235,31,50,60,167,,1*53

$GLGSV,3,1,09,66,00,205,13,67,12,257,27,68,08,303,,76,35,083,28,1*71

$GAGSV,3,3,12,27,03,084,,29,06,171,30,31,11,288,,33,17,181,39,7*77

$GBGSV,5,1,17,01,49,137,40,02,38,239,,03,57,204,37,04,36,121,,1*78

$GBGSV,5,2,17,05,16,257,,06,84,356,,07,66,271,,09,66,331,,1*74

$GBGSV,5,3,17,10,52,257,,16,84,023,,19,05,251,,20,03,208,,1*7A

$GNVTG,,T,,M,0.261,N,0.483,K,D*32

$GNGGA,063805.00,2502.70822,N,12128.23061,E,2,12,1.05,24.9,M,16.9,M,,0000*7B

$GNGSA,A,3,01,31,02,04,09,,,,,,,,1.55,1.05,1.14,1*0C

$GNGSA,A,3,88,87,76,67,,,,,,,,,1.55,1.05,1.14,2*0C

$GAGSV,3,1,12,04,33,280,20,06,19,304,,09,04,321,,13,32,063,,7*7C

$GAGSV,3,2,12,19,34,211,30,21,42,048,,23,46,329,,26,45,131,39,7*71

$GAGSV,3,3,12,27,03,084,,29,06,171,30,31,11,288,,33,17,181,39,7*77

$GBGSV,5,1,17,01,49,137,39,02,38,239,,03,57,204,37,04,36,121,,1*76

$GBGSV,5,2,17,05,16,257,,06,84,356,,07,66,271,,09,66,331,,1*74

$GBGSV,5,3,17,10,52,257,,16,84,023,,19,05,251,,20,03,208,,1*7A

$GBGSV,5,4,17,27,67,054,24,28,24,041,18,29,04,217,,30,52,211,41,1*7A

$GBGSV,5,5,17,37,41,102,39,1*48

$GNGLL,2502.70822,N,12128.23061,E,063805.00,A,D*7E

$GNRMC,063806.00,A,2502.70797,N,12128.23071,E,0.591,325.78,301225,,,D,V*01

$GNGGA,063806.00,2502.70797,N,12128.23071,E,2,12,1.00,25.3,M,16.9,M,,0000*76

$GNGSA,A,3,01,31,02,04,09,,,,,,,,1.53,1.00,1.15,1*0E

$GNGSA,A,3,88,87,76,67,,,,,,,,,1.53,1.00,1.15,2*0E

$GNGSA,A,3,29,26,19,33,,,,,,,,,1.53,1.00,1.15,3*07

$GNGSA,A,3,01,03,30,37,,,,,,,,,1.53,1.00,1.15,4*02

$GPGSV,4,1,15,01,22,183,31,02,51,161,41,04,26,212,40,07,35,319,,1*66

$GPGSV,4,2,15,08,67,346,,09,28,250,26,16,31,066,,26,10,094,,1*63

$GNTXT,01,01,01,NMEA unknown msg*46

$GPGSV,4,3,15,27,42,031,,30,08,320,,31,10,141,38,40,13,260,,1*62

$GPGSV,4,4,15,41,38,242,38,42,45,235,32,50,60,167,,1*50

$GLGSV,3,1,09,66,00,205,10,67,11,256,29,68,08,302,,76,35,083,27,1*70

$GLGSV,3,2,09,77,49,016,,78,13,321,,86,22,031,,87,62,052,26,1*73

$GNVTG,,T,,M,0.415,N,0.768,K,D*31

$GNGGA,063807.00,2502.70784,N,12128.23077,E,2,12,1.00,25.6,M,16.9,M,,0000*76

$GNGSA,A,3,01,31,02,04,09,,,,,,,,1.52,1.00,1.15,1*0F

$GNVTG,,T,,M,0.114,N,0.212,K,D*3D

$GNGGA,063808.00,2502.70790,N,12128.23075,E,2,12,1.50,25.5,M,16.9,M,,0000*78

$GNGSA,A,3,01,31,02,04,09,,,,,,,,2.17,1.50,1.57,1*0E

$GNGSA,A,3,88,87,76,67,,,,,,,,,2.17,1.50,1.57,2*0E

$GNGSA,A,3,29,26,19,33,,,,,,,,,2.17,1.50,1.57,3*07

$GNGSA,A,3,01,03,30,37,,,,,,,,,2.17,1.50,1.57,4*02

$GPGSV,4,1,15,01,22,183,29,02,51,161,41,04,26,212,39,07,35,319,,1*61

$GPGSV,4,2,15,08,67,346,,09,28,250,24,16,31,066,,26,10,094,,1*61

$GAGSV,3,2,12,19,34,211,29,21,42,048,,23,46,329,,26,45,131,39,7*79

$GBGSV,5,2,17,05,16,257,,06,84,356,,07,66,271,,09,66,331,,1*74

$GBGSV,5,3,17,10,52,257,,16,84,023,,19,05,251,,20,03,208,,1*7A

$GNVTG,,T,,M,0.133,N,0.246,K,D*39

$GNGGA,063809.00,2502.70790,N,12128.23074,E,2,12,1.50,25.5,M,16.9,M,,0000*78

$GNGSA,A,3,01,31,02,04,09,,,,,,,,2.17,1.50,1.57,1*0E

$GNGSA,A,3,88,87,76,67,,,,,,,,,2.17,1.50,1.57,2*0E

$GNGSA,A,3,29,26,19,33,,,,,,,,,2.17,1.50,1.57,3*07

$GNGSA,A,3,01,03,30,37,,,,,,,,,2.17,1.50,1.57,4*02

$GPGSV,4,1,15,01,22,183,26,02,51,161,40,04,26,212,38,07,35,319,,1*6E

$GPGSV,4,2,15,08,67,346,,09,28,250,24,16,31,066,,26,10,094,,1*61

$GPGSV,4,3,15,27,42,031,,30,08,320,,31,10,141,37,40,13,260,,1*6D

$GPGSV,4,4,15,41,38,242,38,42,45,235,31,50,60,167,,1*53

$GLGSV,3,1,09,66,00,205,04,67,11,256,28,68,08,302,,76,35,083,21,1*72

$GNVTG,,T,,M,0.155,N,0.287,K,D*34

$GNGGA,063810.00,2502.70792,N,12128.23073,E,2,12,1.50,25.5,M,16.9,M,,0000*75

$GNGSA,A,3,01,31,02,04,09,,,,,,,,2.17,1.50,1.57,1*0E

$GNGSA,A,3,88,87,76,67,,,,,,,,,2.17,1.50,1.57,2*0E

$GNGSA,A,3,29,26,19,33,,,,,,,,,2.17,1.50,1.57,3*07

$GNGSA,A,3,01,03,30,37,,,,,,,,,2.17,1.50,1.57,4*02

$GPGSV,4,1,15,01,22,183,23,02,51,161,40,04,26,212,38,07,35,319,,1*6B

$GPGSV,4,2,15,08,67,346,,09,28,250,24,16,31,066,,26,10,094,,1*61

$GPGSV,4,3,15,27,42,031,,30,08,320,,31,10,141,37,40,13,260,,1*6D

$GPGSV,4,4,15,41,38,242,38,42,45,235,31,50,60,167,,1*53

$GLGSV,3,1,09,66,00,205,06,67,11,256,28,68,08,302,,76,35,083,18,1*7A

$GLGSV,3,2,09,77,49,016,,78,13,321,,86,22,031,,87,62,052,21,1*74

$GLGSV,3,3,09,88,43,191,33,1*4F

$GAGSV,3,1,12,04,33,280,,06,19,304,,09,04,321,,13,32,063,,7*7E

$GNVTG,,T,,M,0.174,N,0.323,K,D*38

$GNGGA,063811.00,2502.70794,N,12128.23071,E,2,12,1.50,25.5,M,16.9,M,,0000*70

$GNGSA,A,3,01,31,02,04,09,,,,,,,,2.17,1.50,1.57,1*0E

$GNGSA,A,3,88,87,76,67,,,,,,,,,2.17,1.50,1.57,2*0E

$GNGSA,A,3,29,26,19,33,,,,,,,,,2.17,1.50,1.57,3*07

$GNGSA,A,3,01,03,30,37,,,,,,,,,2.17,1.50,1.57,4*02

$GPGSV,4,1,15,01,22,183,17,02,51,161,40,04,26,212,38,07,35,319,,1*6C

$GPGSV,4,2,15,08,67,346,,09,28,250,24,16,31,066,,26,10,094,,1*61

$GPGSV,4,3,15,27,42,031,,30,08,320,,31,10,141,37,40,13,260,,1*6D

$GPGSV,4,4,15,41,38,242,38,42,45,235,31,50,60,167,,1*53

$GLGSV,3,1,09,66,00,205,06,67,11,256,27,68,08,302,,76,35,083,15,1*78

$GLGSV,3,2,09,77,49,016,,78,13,321,,86,22,031,,87,62,052,22,1*77

$GLGSV,3,3,09,88,43,191,34,1*48

$GNTXT,01,01,01,NMEA unknown msg*46

$GAGSV,3,1,12,04,33,280,,06,19,304,,09,04,321,,13,32,063,,7*7E

$GAGSV,3,2,12,19,34,211,27,21,42,048,,23,46,329,,26,45,131,39,7*77

$GAGSV,3,3,12,27,03,084,,29,06,171,30,31,11,288,,33,17,181,39,7*77

$GBGSV,5,1,17,01,49,137,40,02,38,239,,03,57,204,37,04,36,121,,1*78





$GPGSV,4,1,15,01,22,183,15,02,51,161,40,04,26,212,38,07,35,319,,1*6E
$GPGSV,4,2,15,08,67,346,,09,28,250,24,16,31,066,,26,10,094,,1*61
$GPGSV,4,3,15,27,42,031,,30,08,320,,31,10,141,37,40,13,260,,1*6D
$GPGSV,4,4,15,41,38,242,38,42,45,235,31,50,60,167,,1*53





$GBGSV,5,1,17,01,49,137,40,02,38,239,,03,57,204,37,04,36,121,,1*78

$GBGSV,5,2,17,05,16,257,,06,84,356,,07,66,271,,09,66,331,,1*74


$GBGSV,5,4,17,27,67,054,22,28,24,041,,29,04,217,,30,52,211,42,1*76
$GBGSV,5,5,17,37,41,102,38,1*49

$GNGLL,2502.70792,N,12128.23071,E,063812.00,A,D*7D

$GNRMC,063813.00,A,2502.70792,N,12128.23070,E,0.173,,301225,,,D,V*1C


$GNGGA,063813.00,2502.70792,N,12128.23070,E,2,12,1.65,25.4,M,16.9,M,,0000*72

$GNGSA,A,3,01,31,02,04,09,,,,,,,,2.38,1.65,1.71,1*01

$GNGSA,A,3,88,87,76,67,,,,,,,,,2.38,1.65,1.71,2*01
$GNGSA,A,3,29,26,19,33,,,,,,,,,2.38,1.65,1.71,3*08

$GNGSA,A,3,01,03,30,37,,,,,,,,,2.38,1.65,1.71,4*0D


$GPGSV,4,2,15,08,67,346,,09,28,250,24,16,31,066,,26,10,094,,1*61
$GPGSV,4,3,15,27,42,031,,30,08,320,,31,10,141,37,40,13,260,,1*6D
$GPGSV,4,4,15,41,38,242,38,42,45,235,31,50,60,167,,1*53

$GLGSV,3,3,09,88,43,191,33,1*4F
$GAGSV,3,2,12,19,34,211,26,21,42,048,18,23,46,329,,26,45,131,39,7*7F
$GAGSV,3,3,12,27,03,084,,29,06,171,30,31,11,288,,33,17,181,39,7*77

$GBGSV,5,1,17,01,49,137,40,02,38,239,,03,57,204,37,04,36,121,,1*78
$GBGSV,5,3,17,10,52,257,,16,84,023,,19,05,251,,20,03,208,,1*7A
$GBGSV,5,5,17,37,41,102,38,1*49
$GNGLL,2502.70792,N,12128.23070,E,063813.00,A,D*7D
$GNRMC,063814.00,A,2502.70790,N,12128.23070,E,0.172,,301225,,,D,V*18

$GNVTG,,T,,M,0.172,N,0.319,K,D*37
$GNGSA,A,3,01,31,02,04,09,,,,,,,,2.38,1.65,1.71,1*01


$GNTXT,01,01,01,NMEA unknown msg*46

$GNTXT,01,01,01,NMEA unknown msg*46

$GPGSV,4,1,15,01,22,183,23,02,51,161,37,04,26,212,37,07,35,319,,1*64

$GPGSV,4,2,15,08,67,346,,09,28,250,25,16,31,066,,26,10,094,,1*60

$GPGSV,4,3,15,27,42,031,,30,08,320,,31,10,141,37,40,13,260,,1*6D

$GPGSV,4,4,15,41,38,242,35,42,45,235,31,50,60,167,,1*5E

$GLGSV,3,1,09,66,00,205,,67,11,256,26,68,08,302,,76,34,085,13,1*7E
$GLGSV,3,2,09,77,49,016,,78,13,321,,86,22,031,,87,62,052,26,1*73

$GLGSV,3,3,09,88,43,191,33,1*4F


$GAGSV,3,2,12,19,34,211,25,21,42,048,18,23,46,329,,26,45,131,37,7*72
$GAGSV,3,3,12,27,03,084,,29,06,171,30,31,11,288,,33,17,181,36,7*78
$GBGSV,5,1,17,01,49,137,39,02,38,239,,03,57,204,37,04,36,121,,1*76
$GBGSV,5,2,17,05,16,257,,06,84,356,,07,66,271,,09,66,331,,1*74
$GBGSV,5,3,17,10,52,257,,16,84,023,,19,05,251,,20,03,208,,1*7A


$GBGSV,5,5,17,37,41,102,38,1*49
$GNGLL,2502.70790,N,12128.23070,E,063814.00,A,D*78
$GNTXT,01,01,01,NMEA unknown msg*46





$GNGSA,A,3,01,03,30,37,,,,,,,,,2.38,1.65,1.71,4*0D
$GPGSV,4,1,15,01,22,183,30,02,51,161,40,04,26,212,39,07,35,319,,1*68
$GPGSV,4,2,15,08,67,346,,09,28,250,25,16,31,066,,26,10,094,,1*60
$GPGSV,4,3,15,27,42,031,,30,08,320,,31,10,141,39,40,13,260,,1*63
$GPGSV,4,4,15,41,38,242,40,42,45,235,32,50,60,167,,1*5F
$GLGSV,3,1,09,66,00,205,,67,11,256,26,68,08,302,,76,34,085,09,1*75

$GLGSV,3,2,09,77,49,018,,78,13,321,,86,22,031,,87,62,052,26,1*7D

$GLGSV,3,3,09,88,43,191,33,1*4F

$GAGSV,3,1,12,04,33,280,,06,19,304,,09,04,321,,13,32,063,,7*7E

$GAGSV,3,2,12,19,34,211,24,21,42,048,15,23,46,329,,26,45,131,41,7*7F

$GAGSV,3,3,12,27,03,084,,29,06,171,29,31,11,288,,33,17,181,39,7*7F

$GBGSV,5,1,17,01,49,137,40,02,38,239,,03,57,204,38,04,36,121,,1*77
$GNRMC,063816.00,A,2502.70809,N,12128.23060,E,0.302,,301225,,,D,V*11

$GNVTG,,T,,M,0.302,N,0.560,K,D*3A


$GPGSV,4,3,15,27,42,031,17,30,08,320,,31,10,141,38,40,13,260,,1*64

$GPGSV,4,4,15,41,38,242,39,42,45,235,32,50,60,167,,1*51


$GLGSV,3,2,09,77,49,018,,78,14,322,,86,22,031,,87,62,052,27,1*78

$GLGSV,3,3,09,88,43,191,33,1*4F

$GAGSV,3,1,12,04,33,280,,06,19,304,,09,04,321,,13,32,063,,7*7E
$GAGSV,3,3,12,27,03,084,,29,06,171,30,31,11,288,,33,17,181,39,7*77
$GBGSV,5,1,17,01,49,137,40,02,38,239,,03,57,204,38,04,36,121,,1*77
$GBGSV,5,2,17,05,16,257,,06,84,356,,07,66,271,29,09,66,331,,1*7F
$GBGSV,5,3,17,10,52,257,,16,84,023,,19,05,251,,20,03,208,,1*7A


$GNTXT,01,01,01,NMEA unknown msg*46
$GBGSV,5,5,17,37,41,102,38,1*49
$GNGLL,2502.70809,N,12128.23060,E,063816.00,A,D*74

$GNVTG,,T,,M,0.296,N,0.548,K,D*3C

$GNGSA,A,3,01,31,02,04,09,,,,,,,,1.54,1.04,1.14,1*0C

$GNGSA,A,3,88,87,76,67,,,,,,,,,1.54,1.04,1.14,2*0C

$GBGSV,5,3,17,10,52,257,,16,84,023,,19,05,251,,20,03,208,,1*7A

$GBGSV,5,4,17,27,67,054,,28,24,041,,29,04,217,,30,52,211,43,1*77


$GNGLL,2502.70804,N,12128.23060,E,063817.00,A,D*78

$GNRMC,063818.00,A,2502.70780,N,12128.23068,E,0.074,,301225,,,D,V*1B

$GNVTG,,T,,M,0.074,N,0.136,K,D*3F

$GNGGA,063818.00,2502.70780,N,12128.23068,E,2,12,1.05,25.7,M,16.9,M,,0000*76

$GNGSA,A,3,01,31,02,04,09,,,,,,,,1.55,1.05,1.14,1*0C
$GNGSA,A,3,29,26,19,33,,,,,,,,,1.55,1.05,1.14,3*05


$GPGSV,4,2,15,08,67,346,,09,28,250,25,16,31,066,,26,10,094,,1*60
$GPGSV,4,3,15,27,42,031,15,30,08,320,,31,10,141,38,40,13,260,,1*66

$GPGSV,4,4,15,41,38,242,38,42,45,235,31,50,60,167,,1*53

$GLGSV,3,1,09,66,00,205,,67,11,256,27,68,08,302,,76,34,085,17,1*7B
$GLGSV,3,2,09,77,49,018,,78,14,322,,86,22,031,,87,62,052,28,1*77

$GLGSV,3,3,09,88,43,191,33,1*4F
$GAGSV,3,1,12,04,33,280,,06,19,304,,09,04,321,,13,32,063,,7*7E
$GAGSV,3,2,12,19,34,211,25,21,42,048,17,23,46,329,,26,45,131,40,7*7D


$GBGSV,5,1,17,01,49,137,40,02,38,239,,03,57,204,37,04,36,121,,1*78
$GBGSV,5,2,17,05,16,257,,06,84,356,,07,66,271,27,09,66,331,,1*71
$GBGSV,5,3,17,10,52,257,,16,84,023,,19,05,251,,20,03,208,,1*7A

$GBGSV,5,4,17,27,67,054,,28,24,041,,29,04,217,,30,52,211,42,1*76

$GBGSV,5,5,17,37,41,102,38,1*49
$GNGLL,2502.70780,N,12128.23068,E,063818.00,A,D*7C

$GNRMC,063819.00,A,2502.70780,N,12128.23065,E,0.106,,301225,,,D,V*13

$GNVTG,,T,,M,0.106,N,0.196,K,D*31
$GNGGA,063819.00,2502.70780,N,12128.23065,E,2,12,1.43,25.7,M,16.9,M,,0000*78



$GNGSA,A,3,29,26,19,33,,,,,,,,,2.20,1.43,1.67,3*02
$GNGSA,A,3,07,01,03,30,37,,,,,,,,2.20,1.43,1.67,4*00
$GPGSV,4,1,15,01,22,183,35,02,51,161,38,04,26,212,38,07,35,319,,1*63


$GPGSV,4,3,15,27,42,031,16,30,08,320,,31,10,141,37,40,13,260,,1*6A
$GPGSV,4,4,15,41,38,242,38,42,45,235,31,50,60,167,,1*53
$GLGSV,3,1,09,66,00,205,,67,11,256,27,68,08,302,,76,34,085,18,1*74
$GLGSV,3,2,09,77,49,018,,78,14,322,,86,22,031,,87,62,052,28,1*77



$GAGSV,3,1,12,04,33,280,,06,19,304,,09,04,321,,13,32,063,,7*7E

$GAGSV,3,2,12,19,34,211,24,21,42,048,16,23,46,329,,26,45,131,39,7*73



$GBGSV,5,2,17,05,16,257,,06,84,356,,07,66,271,27,09,66,331,,1*71
$GBGSV,5,3,17,10,52,257,,16,84,023,,19,05,251,,20,03,208,,1*7A
$GBGSV,5,4,17,27,67,054,,28,24,041,,29,04,217,,30,52,211,43,1*77

$GBGSV,5,5,17,37,41,102,38,1*49
$GNGLL,2502.70780,N,12128.23065,E,063819.00,A,D*70
$GNRMC,063820.00,A,2502.70777,N,12128.23066,E,0.192,,301225,,,D,V*1F

$GNVTG,,T,,M,0.192,N,0.355,K,D*31
$GNGSA,A,3,01,31,02,04,09,,,,,,,,1.48,0.96,1.13,1*0C



$GPGSV,4,1,15,01,22,183,37,02,51,161,38,04,26,212,39,07,35,319,,1*60
$GPGSV,4,2,15,08,67,346,,09,28,250,25,16,31,066,,26,10,094,,1*60
$GPGSV,4,3,15,27,42,031,17,30,08,320,,31,10,141,38,40,13,260,,1*64
$GPGSV,4,4,15,41,38,242,38,42,45,235,31,50,60,167,,1*53
$GLGSV,3,1,09,66,00,205,,67,11,256,27,68,08,302,,76,34,085,21,1*7E



$GAGSV,3,1,12,04,33,280,,06,19,304,,09,04,321,,13,32,063,,7*7E
$GAGSV,3,2,12,19,34,211,25,21,42,048,16,23,46,329,,26,45,131,40,7*7C
$GAGSV,3,3,12,27,03,084,,29,06,171,30,31,11,288,,33,17,181,38,7*76
$GBGSV,5,1,17,01,49,137,40,02,38,239,,03,57,204,37,04,36,121,,1*78


$GBGSV,5,3,17,10,52,257,,16,84,023,,19,05,251,,20,03,208,,1*7A
$GBGSV,5,4,17,27,67,054,,28,24,041,,29,04,217,,30,52,211,43,1*77
$GBGSV,5,5,17,37,41,102,38,1*49
$GNGLL,2502.70777,N,12128.23066,E,063820.00,A,D*71

$GNVTG,,T,,M,0.109,N,0.202,K,D*30

$GNGSA,A,3,07,01,03,30,37,,,,,,,,1.48,0.96,1.13,4*07
$GPGSV,4,1,15,01,22,183,37,02,51,161,38,04,26,212,39,07,35,319,,1*60
$GPGSV,4,2,15,08,67,346,,09,28,250,25,16,31,066,,26,10,094,,1*60
$GPGSV,4,3,15,27,42,031,17,30,08,320,,31,10,141,36,40,13,260,,1*6A



$GLGSV,3,2,09,77,49,018,,78,14,322,,86,22,031,,87,62,052,26,1*79
$GLGSV,3,3,09,88,43,191,36,1*4A
$GAGSV,3,1,12,04,33,280,,06,19,304,,09,04,321,,13,32,063,,7*7E

$GAGSV,3,2,12,19,34,211,25,21,42,048,15,23,46,329,,26,45,131,40,7*7F

$GAGSV,3,3,12,27,03,084,,29,06,171,30,31,11,288,,33,17,181,38,7*76

$GBGSV,5,1,17,01,49,137,40,02,38,239,,03,57,204,37,04,36,121,,1*78

$GBGSV,5,2,17,05,16,257,,06,84,356,,07,66,271,26,09,66,331,,1*70

$GBGSV,5,3,17,10,52,257,,16,84,023,,19,05,251,,20,03,208,,1*7A

$GBGSV,5,4,17,27,67,054,,28,24,041,,29,04,217,,30,52,211,42,1*76


$GNGLL,2502.70770,N,12128.23070,E,063821.00,A,D*70

$GNTXT,01,01,01,NMEA unknown msg*46
$GNRMC,063822.00,A,2502.70784,N,12128.23065,E,0.086,,301225,,,D,V*16

$GNVTG,,T,,M,0.086,N,0.160,K,D*31
$GNGGA,063822.00,2502.70784,N,12128.23065,E,2,12,1.30,25.8,M,16.9,M,,0000*7F

$GNGSA,A,3,01,31,02,04,09,,,,,,,,2.02,1.30,1.55,1*0E


$GNGSA,A,3,29,26,19,33,,,,,,,,,2.02,1.30,1.55,3*07

$GNGSA,A,3,07,01,03,30,37,,,,,,,,2.02,1.30,1.55,4*05

$GPGSV,4,1,15,01,22,183,35,02,51,161,35,04,26,212,36,07,35,319,,1*60
$GPGSV,4,2,15,08,67,346,,09,28,250,25,16,31,066,,26,10,094,,1*60
$GPGSV,4,3,15,27,42,031,17,30,08,320,,31,10,141,36,40,13,260,,1*6A



$GLGSV,3,2,09,77,49,018,,78,14,322,,86,22,031,,87,62,052,25,1*7A

$GLGSV,3,3,09,88,43,191,35,1*49
$GAGSV,3,1,12,04,33,280,,06,19,304,,09,04,321,,13,32,063,,7*7E


$GBGSV,5,1,17,01,49,137,39,02,38,239,,03,57,204,35,04,36,121,,1*74
$GBGSV,5,2,17,05,16,257,,06,84,356,,07,66,271,26,09,66,331,,1*70

$GBGSV,5,3,17,10,52,257,,16,84,023,,19,05,251,,20,03,208,,1*7A
$GBGSV,5,4,17,27,67,054,,28,24,041,,29,04,217,,30,52,211,40,1*74


$GNVTG,,T,,M,0.069,N,0.129,K,D*3D

$GNGGA,063823.00,2502.70802,N,12128.23060,E,2,12,1.30,25.7,M,16.9,M,,0000*75

$GNGSA,A,3,01,31,02,04,09,,,,,,,,2.02,1.30,1.54,1*0F

$GNGSA,A,3,88,87,76,67,,,,,,,,,2.02,1.30,1.54,2*0F
$GNGSA,A,3,29,26,19,33,,,,,,,,,2.02,1.30,1.54,3*06


$GPGSV,4,1,15,01,22,183,36,02,51,161,34,04,26,212,37,07,35,319,,1*63
$GPGSV,4,2,15,08,67,346,,09,28,250,25,16,31,066,,26,10,094,,1*60
$GPGSV,4,3,15,27,42,031,17,30,08,320,,31,10,141,36,40,13,260,,1*6A



$GLGSV,3,2,09,77,49,018,,78,14,322,,86,22,031,,87,62,052,25,1*7A
$GLGSV,3,3,09,88,43,191,35,1*49
$GAGSV,3,1,12,04,33,280,,06,19,304,,09,04,321,,13,32,063,,7*7E


$GAGSV,3,3,12,27,03,084,,29,06,171,29,31,11,288,,33,17,181,36,7*70
$GNTXT,01,01,01,NMEA unknown msg*46
$GNTXT,01,01,01,NMEA unknown msg*46

$GBGSV,5,1,17,01,49,137,39,02,38,239,,03,57,204,36,04,36,121,,1*77

$GBGSV,5,2,17,05,16,257,,06,84,356,,07,66,271,26,09,66,331,,1*70

$GBGSV,5,3,17,10,52,257,,16,84,023,,19,05,251,,20,03,208,,1*7A

$GBGSV,5,4,17,27,67,054,,28,24,041,,29,04,217,,30,52,211,42,1*76

$GBGSV,5,5,17,37,41,102,38,1*49
$GNTXT,01,01,01,NMEA unknown msg*46

$GNGLL,2502.70802,N,12128.23060,E,063823.00,A,D*79

$GNRMC,063824.00,A,2502.70822,N,12128.23054,E,0.006,,301225,,,D,V*19
$GNGGA,063824.00,2502.70822,N,12128.23054,E,2,12,1.30,25.5,M,16.9,M,,0000*75


$GNGSA,A,3,07,01,03,30,37,,,,,,,,2.02,1.30,1.54,4*04
$GPGSV,4,1,15,01,22,183,38,02,51,161,34,04,26,212,37,07,35,319,,1*6D
$GPGSV,4,2,15,08,67,346,,09,28,250,24,16,31,066,,26,10,094,,1*61
$GPGSV,4,3,15,27,42,031,17,30,08,320,,31,10,141,36,40,13,260,,1*6A
$GPGSV,4,4,15,41,38,242,36,42,45,235,29,50,60,167,,1*54
$GLGSV,3,1,09,66,00,205,,67,11,256,25,68,08,302,,76,34,085,19,1*77
$GLGSV,3,2,09,77,49,018,,78,14,322,,86,21,031,,87,62,052,25,1*79






$GNGLL,2502.70822,N,12128.23054,E,063824.00,A,D*7B
$GNRMC,063825.00,A,2502.70841,N,12128.23047,E,0.037,,301225,,,D,V*1D







$GBGSV,5,3,17,10,52,257,,16,84,023,,19,05,251,,20,03,208,,1*7A
$GBGSV,5,5,17,37,41,102,38,1*49
$GNGLL,2502.70841,N,12128.23047,E,063825.00,A,D*7D
$GNRMC,063826.00,A,2502.70859,N,12128.23041,E,0.046,,301225,,,D,V*17

$GNVTG,,T,,M,0.046,N,0.085,K,D*37
$GNGGA,063826.00,2502.70859,N,12128.23041,E,2,12,1.30,25.1,M,16.9,M,,0000*7B

$GNGSA,A,3,01,31,02,04,09,,,,,,,,2.02,1.30,1.54,1*0F




$GLGSV,3,3,09,88,44,191,36,1*4D
$GNTXT,01,01,01,NMEA unknown msg*46
$GAGSV,3,1,12,04,33,280,,06,19,304,,09,04,321,,13,32,063,,7*7E
$GAGSV,3,2,12,19,34,211,27,21,42,048,,23,46,329,,26,46,131,39,7*74

$GAGSV,3,3,12,27,03,085,,29,06,171,28,31,11,288,,33,17,181,37,7*71

$GNTXT,01,01,01,NMEA unknown msg*46
$GBGSV,5,2,17,05,16,257,,06,84,356,,07,66,271,26,09,66,331,,1*70

$GBGSV,5,5,17,37,41,102,38,1*49
$GNGLL,2502.70859,N,12128.23041,E,063826.00,A,D*71


$GNGSA,A,3,29,26,19,33,,,,,,,,,1.65,1.05,1.27,3*06
$GPGSV,4,1,15,01,22,183,41,02,51,161,34,04,26,212,39,07,35,319,,1*6D
$GPGSV,4,2,15,08,67,346,,09,28,250,27,16,31,066,,26,10,094,,1*62


$GPGSV,4,4,15,41,38,242,39,42,45,235,32,50,60,167,,1*51

$GNTXT,01,01,01,NMEA unknown msg*46

$GLGSV,3,3,09,88,44,191,36,1*4D

$GAGSV,3,1,12,04,33,280,,06,19,304,,09,04,321,,13,32,063,,7*7E
$GAGSV,3,3,12,27,03,085,,29,06,171,28,31,11,288,,33,17,181,38,7*7E

$GBGSV,5,2,17,05,16,257,,06,84,356,,07,66,271,26,09,66,331,,1*70
$GBGSV,5,3,17,10,52,257,,16,84,023,,19,05,251,,20,03,208,,1*7A
$GBGSV,5,4,17,27,67,054,,28,24,041,,29,04,217,,30,52,211,43,1*77
$GBGSV,5,5,17,37,41,102,39,1*48


$GNGLL,2502.70889,N,12128.23031,E,063827.00,A,D*7A
$GNRMC,063828.00,A,2502.70903,N,12128.23026,E,0.186,,301225,,,D,V*1B

$GNVTG,,T,,M,0.186,N,0.345,K,D*35
$GNGGA,063828.00,2502.70903,N,12128.23026,E,2,12,1.07,24.5,M,16.9,M,,0000*7B

$GNGSA,A,3,01,31,02,04,09,,,,,,,,1.72,1.07,1.34,1*09

$GNGSA,A,3,88,87,76,67,,,,,,,,,1.72,1.07,1.34,2*09

$GNGSA,A,3,29,26,19,33,,,,,,,,,1.72,1.07,1.34,3*00
$GNGSA,A,3,07,01,03,30,37,,,,,,,,1.72,1.07,1.34,4*02

$GPGSV,4,1,15,01,23,182,41,02,51,161,34,04,26,212,39,07,35,319,,1*6D

$GPGSV,4,2,15,08,67,346,,09,28,250,31,16,31,066,,26,10,094,,1*65

$GPGSV,4,3,15,27,42,031,23,30,08,320,,31,10,141,39,40,13,260,,1*62
$GPGSV,4,4,15,41,38,242,39,42,45,235,33,50,60,167,,1*50

$GLGSV,3,1,09,66,00,205,18,67,11,256,28,68,08,302,,76,34,085,24,1*7D
$GLGSV,3,2,09,77,49,018,,78,14,322,,86,21,031,,87,62,050,28,1*76

$GLGSV,3,3,09,88,44,191,33,1*48

$GAGSV,3,1,12,04,33,280,,06,19,304,,09,04,321,,13,32,063,,7*7E


$GBGSV,5,1,17,01,49,137,39,02,38,239,,03,57,204,36,04,36,121,,1*77
$GBGSV,5,2,17,05,16,257,,06,84,356,,07,66,271,29,09,66,331,,1*7F



$GBGSV,5,5,17,37,41,102,38,1*49
$GNGLL,2502.70903,N,12128.23026,E,063828.00,A,D*70
$GNRMC,063829.00,A,2502.70911,N,12128.23023,E,0.518,,301225,,,D,V*1F

$GNVTG,,T,,M,0.518,N,0.959,K,D*31

$GNGGA,063829.00,2502.70911,N,12128.23023,E,2,12,1.07,24.4,M,16.9,M,,0000*7D

$GNGSA,A,3,01,31,02,04,09,,,,,,,,1.72,1.07,1.34,1*09




$GLGSV,3,1,09,66,00,205,09,67,11,256,28,68,08,302,,76,34,085,24,1*7D

$GLGSV,3,2,09,77,49,018,,78,14,322,,86,21,031,,87,62,050,28,1*76

$GLGSV,3,3,09,88,44,191,33,1*48
$GAGSV,3,1,12,04,33,280,,06,19,304,,09,04,321,,13,32,063,,7*7E

$GAGSV,3,2,12,19,34,211,30,21,42,048,,23,46,329,,26,46,131,39,7*72
$GAGSV,3,3,12,27,03,085,,29,06,171,27,31,11,288,,33,17,181,36,7*7F

$GBGSV,5,1,17,01,49,137,39,02,38,239,,03,57,204,36,04,36,121,,1*77
$GBGSV,5,2,17,05,16,257,,06,84,356,,07,66,271,27,09,66,331,,1*71

$GBGSV,5,3,17,10,52,257,,16,84,023,,19,05,251,,20,03,208,,1*7A
$GBGSV,5,4,17,27,67,054,,28,24,041,,29,04,217,,30,52,211,41,1*75

$GBGSV,5,5,17,37,41,102,37,1*46
$GNGLL,2502.70911,N,12128.23023,E,063829.00,A,D*77




$GNGSA,A,3,01,31,02,04,09,,,,,,,,1.72,1.07,1.34,1*09
$GNGSA,A,3,88,87,76,67,,,,,,,,,1.72,1.07,1.34,2*09
$GNGSA,A,3,29,26,19,33,,,,,,,,,1.72,1.07,1.34,3*00


$GPGSV,4,1,15,01,23,182,39,02,52,160,31,04,26,212,38,07,35,319,24,1*62

$GPGSV,4,2,15,08,67,346,,09,28,250,29,16,31,066,,26,10,094,,1*6C

$GPGSV,4,3,15,27,42,031,19,30,08,320,,31,10,141,38,40,13,260,,1*6A

$GPGSV,4,4,15,41,38,242,38,42,45,235,32,50,60,167,,1*50
$GLGSV,3,1,09,66,00,205,,67,11,256,28,68,08,302,,76,34,085,24,1*74

$GLGSV,3,2,09,77,49,018,,78,14,322,,86,21,031,,87,62,050,28,1*76

$GLGSV,3,3,09,88,44,191,34,1*4F
$GAGSV,3,1,12,04,33,280,,06,19,304,,09,04,321,,13,32,063,,7*7E
$GAGSV,3,2,12,19,34,211,30,21,42,048,,23,46,329,,26,46,131,39,7*72

$GAGSV,3,3,12,27,03,085,,29,06,171,27,31,11,288,,33,17,181,36,7*7F
$GBGSV,5,1,17,01,49,137,39,02,38,239,,03,57,204,36,04,36,121,,1*77


$GBGSV,5,3,17,10,52,257,,16,84,023,,19,05,251,,20,03,208,,1*7A
$GBGSV,5,4,17,27,67,054,,28,24,041,,29,04,217,,30,52,211,42,1*76
$GBGSV,5,5,17,37,41,102,37,1*46


$GNVTG,,T,,M,0.086,N,0.159,K,D*3B
$GNGGA,063831.00,2502.70930,N,12128.23017,E,2,12,1.19,24.2,M,16.9,M,,0000*79


$GNGSA,A,3,88,87,76,,,,,,,,,,1.87,1.19,1.44,2*0A
$GNGSA,A,3,29,26,19,33,,,,,,,,,1.87,1.19,1.44,3*02
$GNGSA,A,3,07,01,03,30,37,,,,,,,,1.87,1.19,1.44,4*00



$GPGSV,4,3,15,27,42,031,19,30,08,320,,31,10,141,37,40,13,260,,1*65
$GPGSV,4,4,15,41,38,242,38,42,45,235,31,50,60,167,,1*53

$GNTXT,01,01,01,NMEA unknown msg*46

$GAGSV,3,1,12,04,33,280,,06,19,304,,09,04,321,,13,32,063,,7*7E

$GAGSV,3,2,12,19,34,211,30,21,42,048,21,23,46,329,,26,46,131,39,7*71
$GAGSV,3,3,12,27,03,085,,29,06,171,28,31,11,288,,33,17,181,35,7*73

$GBGSV,5,1,17,01,49,137,39,02,38,239,,03,57,204,36,04,36,121,,1*77

$GBGSV,5,2,17,05,16,257,,06,84,356,,07,66,271,25,09,66,331,,1*73
$GBGSV,5,4,17,27,67,054,,28,24,041,,29,04,217,,30,52,211,41,1*75

$GBGSV,5,5,17,37,41,102,37,1*46


$GNRMC,063832.00,A,2502.70941,N,12128.23014,E,0.032,,301225,,,D,V*19
$GNVTG,,T,,M,0.032,N,0.060,K,D*3F

$GPGSV,4,4,15,41,38,242,37,42,45,235,31,50,60,167,,1*5C

$GLGSV,3,1,09,66,00,205,05,67,11,256,27,68,08,302,,76,34,085,24,1*7E

$GLGSV,3,3,09,88,44,191,36,1*4D

$GAGSV,3,1,12,04,33,280,,06,19,304,,09,04,321,,13,32,063,,7*7E

$GAGSV,3,2,12,19,34,211,30,21,42,048,20,23,46,329,,26,46,131,38,7*71

$GAGSV,3,3,12,27,03,085,,29,06,171,28,31,11,288,,33,17,181,36,7*70

$GBGSV,5,1,17,01,49,137,39,02,38,239,,03,57,204,37,04,36,121,,1*76

$GNVTG,,T,,M,0.285,N,0.527,K,D*37

$GNGGA,063833.00,2502.70955,N,12128.23013,E,2,12,1.17,23.8,M,16.9,M,,0000*7F

$GNGSA,A,3,01,31,02,04,09,,,,,,,,1.79,1.17,1.36,1*01

$GNGSA,A,3,88,87,76,67,,,,,,,,,1.79,1.17,1.36,2*01

$GNGSA,A,3,29,26,19,33,,,,,,,,,1.79,1.17,1.36,3*08
$GPGSV,4,1,15,01,23,182,36,02,52,160,21,04,25,211,36,07,35,319,20,1*66
$GPGSV,4,2,15,08,67,346,,09,28,250,26,16,31,066,,26,10,094,,1*63
$GPGSV,4,3,15,27,42,031,12,30,08,320,,31,10,141,34,40,13,260,,1*6D



$GLGSV,3,2,09,77,49,018,,78,14,322,,86,21,031,,87,62,050,25,1*7B
$GLGSV,3,3,09,88,44,191,38,1*43
$GNTXT,01,01,01,NMEA unknown msg*46
$GAGSV,3,1,12,04,33,280,,06,19,304,,09,04,321,,13,32,063,,7*7E


$GAGSV,3,3,12,27,03,085,,29,06,171,30,31,11,288,,33,17,181,34,7*7B
$GBGSV,5,1,17,01,49,137,38,02,38,239,,03,57,204,35,04,36,121,,1*75
$GBGSV,5,2,17,05,16,257,,06,84,356,20,07,66,271,23,09,66,331,,1*77
$GBGSV,5,3,17,10,52,257,,16,84,023,,19,05,251,,20,03,208,,1*7A

$GBGSV,5,4,17,27,67,054,,28,24,041,,29,04,217,,30,52,211,41,1*75


$GNGLL,2502.70955,N,12128.23013,E,063833.00,A,D*7F

$GNRMC,063834.00,A,2502.70963,N,12128.23011,E,0.732,225.56,301225,,,D,V*05

$GNVTG,225.56,T,,M,0.732,N,1.356,K,D*27
$GNGSA,A,3,01,31,02,04,09,,,,,,,,1.87,1.19,1.44,1*0B


$GNGSA,A,3,07,01,03,30,37,,,,,,,,1.87,1.19,1.44,4*00
$GPGSV,4,1,15,01,23,182,36,02,52,160,20,04,25,211,37,07,35,319,21,1*67
$GPGSV,4,2,15,08,67,346,,09,28,250,27,16,31,066,,26,10,094,,1*62
$GPGSV,4,3,15,27,42,031,15,30,08,320,,31,10,141,35,40,13,260,,1*6B


$GLGSV,3,1,09,66,00,205,23,67,11,256,27,68,08,302,,76,34,085,24,1*7A

$GLGSV,3,2,09,77,49,018,,78,14,322,,86,21,031,,87,62,050,25,1*7B
$GLGSV,3,3,09,88,44,191,38,1*43


$GBGSV,5,1,17,01,49,137,40,02,38,239,,03,57,204,37,04,36,121,,1*78


$GBGSV,5,3,17,10,52,257,,16,84,023,,19,05,251,,20,03,208,,1*7A
$GBGSV,5,4,17,27,67,054,,28,24,041,,29,04,217,,30,52,211,42,1*76


$GNGLL,2502.70963,N,12128.23011,E,063834.00,A,D*7F
$GNRMC,063835.00,A,2502.70964,N,12128.23012,E,0.550,207.08,301225,,,D,V*0D

$GNVTG,207.08,T,,M,0.550,N,1.018,K,D*23

$GNGGA,063835.00,2502.70964,N,12128.23012,E,2,12,1.19,23.6,M,16.9,M,,0000*7A

$GPGSV,4,3,15,27,42,031,14,30,08,320,,31,10,141,34,40,13,260,,1*6B
$GLGSV,3,1,09,66,00,205,23,67,11,256,27,68,08,302,,76,34,085,24,1*7A
$GLGSV,3,3,09,88,44,191,37,1*4C

$GAGSV,3,1,12,04,33,280,,06,19,304,,09,04,321,,13,32,063,,7*7E
$GAGSV,3,2,12,19,34,211,28,21,42,048,15,23,46,329,,26,46,131,36,7*70


$GBGSV,5,1,17,01,49,137,39,02,38,239,,03,57,204,36,04,36,121,,1*77
$GBGSV,5,2,17,05,16,257,,06,84,356,20,07,66,271,24,09,66,331,,1*70


$GBGSV,5,4,17,27,67,054,,28,24,041,,29,04,217,,30,52,211,41,1*75
$GBGSV,5,5,17,37,41,102,36,1*47

$GNGLL,2502.70964,N,12128.23012,E,063835.00,A,D*7A
$GNTXT,01,01,01,NMEA unknown msg*46


$GNGSA,A,3,88,87,76,67,,,,,,,,,1.87,1.19,1.44,2*0B
$GNGSA,A,3,29,26,19,33,,,,,,,,,1.87,1.19,1.44,3*02
$GNGSA,A,3,07,01,06,03,30,37,,,,,,,1.87,1.19,1.44,4*06

$GPGSV,4,2,15,08,67,348,,09,28,249,28,16,31,066,,26,10,094,,1*6B
$GPGSV,4,3,15,27,42,031,12,30,08,320,,31,10,141,34,40,13,260,,1*6D


$GLGSV,3,1,09,66,00,205,22,67,11,256,26,68,08,302,,76,34,085,23,1*7D
$GLGSV,3,2,09,77,49,018,,78,14,322,,86,21,031,,87,62,050,27,1*79
$GLGSV,3,3,09,88,44,191,37,1*4C
$GAGSV,3,1,12,04,33,280,,06,19,304,,09,04,321,,13,32,063,,7*7E

$GAGSV,3,2,12,19,34,211,29,21,42,048,16,23,46,329,,26,46,131,38,7*7C
$GAGSV,3,3,12,27,03,085,,29,06,171,29,31,11,288,,33,17,181,36,7*71
$GBGSV,5,1,17,01,49,137,39,02,38,239,,03,57,204,36,04,36,121,,1*77


$GBGSV,5,3,17,10,52,257,,16,84,023,,19,05,251,,20,03,208,,1*7A


$GBGSV,5,5,17,37,41,102,36,1*47


$GNTXT,01,01,01,NMEA unknown msg*46
$GNRMC,063837.00,A,2502.70970,N,12128.23012,E,0.113,,301225,,,D,V*1A

$GNVTG,,T,,M,0.113,N,0.209,K,D*30
$GNGGA,063837.00,2502.70970,N,12128.23012,E,2,12,1.19,23.4,M,16.9,M,,0000*7F

$GNGSA,A,3,01,31,02,04,09,,,,,,,,1.87,1.19,1.44,1*0B

$GNGSA,A,3,88,87,76,,,,,,,,,,1.87,1.19,1.44,2*0A

$GNGSA,A,3,29,26,19,33,,,,,,,,,1.87,1.19,1.44,3*02
$GNGSA,A,3,07,01,06,03,30,37,,,,,,,1.87,1.19,1.44,4*06

$GPGSV,4,1,15,01,23,182,35,02,52,160,24,04,25,211,38,07,35,319,19,1*64
$GPGSV,4,2,15,08,67,348,,09,28,249,29,16,31,066,,26,10,094,,1*6A


$GPGSV,4,4,15,41,38,242,37,42,45,235,30,50,60,167,,1*5D
$GNTXT,01,01,01,NMEA unknown msg*46

$GLGSV,3,1,09,66,00,205,18,67,11,256,26,68,08,302,,76,34,085,23,1*74

$GLGSV,3,2,09,77,49,018,,78,14,322,,86,21,031,,87,62,050,27,1*79
$GLGSV,3,3,09,88,44,191,36,1*4D

$GAGSV,3,1,12,04,33,280,,06,19,304,,09,04,321,,13,32,063,,7*7E
$GAGSV,3,2,12,19,34,211,29,21,42,048,15,23,46,329,,26,46,131,38,7*7F

$GAGSV,3,3,12,27,03,085,,29,06,171,29,31,11,288,,33,17,181,35,7*72


$GBGSV,5,4,17,27,67,054,,28,24,041,,29,04,217,,30,52,211,42,1*76
$GBGSV,5,5,17,37,41,102,36,1*47


$GNGGA,063838.00,2502.70974,N,12128.23011,E,2,12,1.19,23.3,M,16.9,M,,0000*70

$GNGSA,A,3,01,31,02,04,09,,,,,,,,1.87,1.19,1.44,1*0B

$GNGSA,A,3,88,87,76,,,,,,,,,,1.87,1.19,1.44,2*0A

$GNGSA,A,3,29,26,19,33,,,,,,,,,1.87,1.19,1.44,3*02

$GNGSA,A,3,07,01,06,03,30,37,,,,,,,1.87,1.19,1.44,4*06

$GPGSV,4,1,15,01,23,182,35,02,52,160,26,04,25,211,38,07,35,319,18,1*67

$GPGSV,4,2,15,08,67,348,,09,28,249,29,16,31,066,,26,10,094,,1*6A

$GPGSV,4,3,15,27,42,031,16,30,08,320,,31,10,141,34,40,13,260,,1*69

$GPGSV,4,4,15,41,38,242,38,42,45,235,30,50,60,167,,1*52
$GLGSV,3,2,09,77,49,018,,78,14,322,,86,21,031,,87,62,050,27,1*79


$GAGSV,3,3,12,27,03,085,,29,06,171,29,31,11,288,,33,17,181,35,7*72
$GBGSV,5,1,17,01,49,137,39,02,38,239,,03,57,204,37,04,36,121,,1*76


$GBGSV,5,3,17,10,52,257,,16,84,023,,19,05,251,,20,03,208,,1*7A
$GBGSV,5,4,17,27,67,054,,28,24,041,,29,04,217,,30,52,211,42,1*76

$GBGSV,5,5,17,37,41,102,36,1*47


$GNRMC,063839.00,A,2502.70979,N,12128.23010,E,0.006,,301225,,,D,V*1A

$GNVTG,,T,,M,0.006,N,0.011,K,D*3E


$GNGSA,A,3,01,31,02,04,09,,,,,,,,1.87,1.19,1.44,1*0B

$GNGSA,A,3,88,87,76,,,,,,,,,,1.87,1.19,1.44,2*0A

$GNGSA,A,3,29,26,19,33,,,,,,,,,1.87,1.19,1.44,3*02
$GNGSA,A,3,07,01,06,03,30,37,,,,,,,1.87,1.19,1.44,4*06


$GPGSV,4,2,15,08,67,348,,09,28,249,29,16,31,066,,26,10,094,,1*6A
$GPGSV,4,3,15,27,42,031,16,30,08,320,,31,10,141,34,40,13,260,,1*69
$GPGSV,4,4,15,41,38,242,37,42,45,235,30,50,60,167,,1*5D
$GLGSV,3,1,09,66,00,205,05,67,11,256,27,68,08,302,,76,34,085,23,1*79

$GLGSV,3,2,09,77,49,018,,78,14,322,,86,21,031,,87,62,050,27,1*79


$GAGSV,3,1,12,04,33,280,,06,19,304,,09,04,321,,13,32,063,,7*7E

$GAGSV,3,2,12,19,34,211,29,21,42,048,14,23,46,329,,26,46,131,38,7*7E

$GAGSV,3,3,12,27,03,085,,29,06,171,29,31,11,288,,33,17,181,35,7*72


$GBGSV,5,2,17,05,16,257,,06,84,356,21,07,66,271,25,09,66,331,,1*70

$GBGSV,5,3,17,10,52,257,,16,84,023,,19,05,251,,20,03,208,,1*7A


$GBGSV,5,5,17,37,41,102,37,1*46
$GNGLL,2502.70979,N,12128.23010,E,063839.00,A,D*78


